function read_base

    global r0 dr0 w0 m0 p0 J0p rho0p C00 s01p C01

    r0 = [0;0;0];
    p0 = [1;0;0;0];
    
    s01p = [0 0 0]';
    C01 = [0 -1 0;
            1 0 0;
            0 0 1];

end